[0m [38;2;0;0;0m        [0m [38;2;196;184;117m▚[38;2;182;162;67m▖         [38;2;129;124;90m▁[0m [38;2;0;0;0m     [0m
 [38;2;0;0;0m         [38;2;137;125;61m▝[38;2;235;209;84;48;2;224;200;83m╵[0m[7m[38;2;194;172;71m▝[0m[38;2;105;93;40m▂   [38;2;127;115;45m▁[38;2;194;173;74m▃[38;2;211;189;87m▅[38;2;97;89;47;48;2;188;171;89m▚[0m[38;2;166;156;101m▘      [0m
 [38;2;0;0;0m  [38;2;136;130;96m▗[38;2;218;209;153m▆[38;2;225;214;156m▄[38;2;219;208;144m▂[0m [38;2;0;0;0m   [7m[38;2;187;167;66m▌[0m[38;2;232;214;120;48;2;237;211;84m▗[38;2;240;227;156;48;2;231;213;124m╴[0m[38;2;238;221;130m▇[38;2;237;215;105m▇[38;2;222;198;79m▇[38;2;240;214;84;48;2;234;209;84m╵[38;2;121;107;47;48;2;229;203;83m▗[0m[7m[38;2;166;147;64m▅[0m [38;2;0;0;0m  [0m [38;2;200;191;140m▂[38;2;208;200;144m▄[38;2;196;188;136m▃[0m [0m
 [38;2;0;0;0m [7m[38;2;143;138;99m▋[0m[38;2;241;231;167;48;2;235;225;163m╵[38;2;160;153;113;48;2;237;226;167m▁[38;2;185;174;108;48;2;237;226;162m▁[38;2;235;209;86;48;2;237;221;137m▗[38;2;232;207;86;48;2;225;202;94m╴[0m[38;2;205;183;81m▆[38;2;139;125;110m▇[38;2;157;143;111;48;2;71;66;62m▇[0m[38;2;218;195;84m▇[38;2;211;188;77;48;2;228;206;97m╴[38;2;234;211;100;48;2;237;220;135m▂[38;2;236;217;121;48;2;235;210;91m▘[38;2;240;215;84;48;2;233;208;85m╴[38;2;233;207;84;48;2;206;182;80m▘[38;2;204;180;80;48;2;223;198;83m▅[0m[38;2;152;137;93m▂[38;2;128;119;112m▂[38;2;149;135;84m▁[38;2;215;194;89m▃[38;2;222;206;121m▆[38;2;238;228;161;48;2;230;218;153m┊[38;2;242;232;166;48;2;240;229;166m━[38;2;136;130;95;48;2;237;226;164m▗[0m[7m[38;2;189;181;132m▆[0m [0m
  [38;2;157;144;64m▁[38;2;113;105;99m▃[38;2;124;114;106m▃[38;2;131;121;113m▂[38;2;122;113;106m▂[7m[38;2;239;213;84m▇[38;2;164;146;67m┓[0m[38;2;168;149;67;48;2;199;177;78m╴[38;2;113;97;80;48;2;176;156;75m▝[38;2;101;84;90;48;2;150;131;81m▇[38;2;90;74;87;48;2;189;171;93m▖[38;2;203;184;92;48;2;223;205;114m╴[38;2;203;181;84;48;2;216;197;107m▄[38;2;155;135;74;48;2;208;193;124m▂[38;2;94;79;77;48;2;200;176;79m▃[38;2;108;91;87;48;2;201;177;80m▄[38;2;135;119;91;48;2;206;183;84m▄[38;2;220;196;84;48;2;160;147;125m▄[38;2;101;85;78;48;2;216;192;84m▁[38;2;106;90;86;48;2;228;204;89m▃[0m[7m[38;2;236;217;125m▄[38;2;237;225;162m▄[38;2;206;197;145m▃[38;2;151;145;107m▅[0m [38;2;0;0;0m [0m
[38;2;174;175;165m▄[7m[38;2;197;183;106m▘[0m[38;2;156;137;65;48;2;211;189;90m╶[38;2;208;184;82;48;2;175;154;82m╺[38;2;218;197;96;48;2;135;119;83m▆[38;2;234;211;101;48;2;145;135;89m▇[38;2;128;111;76;48;2;143;128;97m╷[0m[7m[38;2;130;116;110m▂[0m[38;2;185;184;175m▁[7m[38;2;78;67;49m▇[38;2;126;110;70m▆[38;2;145;128;61m▅[0m[38;2;63;54;66;48;2;123;108;86m▁[38;2;139;123;86;48;2;224;203;105m▃[38;2;119;105;94;48;2;188;166;74m▄[38;2;188;167;78;48;2;93;80;90m━[38;2;201;179;76;48;2;92;78;83m━[38;2;83;68;79;48;2;179;158;80m▄[38;2;122;106;75;48;2;228;203;83m▆[38;2;173;152;77;48;2;135;118;73m▅[38;2;154;143;124;48;2;89;74;80m▂[0m[7m[38;2;105;92;94m╺[0m[38;2;115;108;81m▁[38;2;95;89;76m▁[38;2;112;101;97m▁[0m [38;2;0;0;0m  [0m
[7m[38;2;94;94;87m▇[38;2;173;155;63m▃[38;2;144;127;63m▁[38;2;165;164;164m▆[0m[38;2;91;79;42;48;2;221;198;82m▁[0m[7m[38;2;195;176;93m▗[0m[38;2;87;82;64;48;2;190;185;161m▖[38;2;202;202;190;48;2;218;218;207m─[38;2;223;223;214;48;2;206;206;194m▘[38;2;109;109;103;48;2;197;197;185m▝[0m  [38;2;162;142;75;48;2;46;38;41m▂[38;2;85;71;82;48;2;94;79;87m╴[38;2;82;67;81;48;2;103;92;107m▆[38;2;81;67;80;48;2;104;92;106m▆[0m[7m[38;2;66;54;67m▄[0m[38;2;169;168;161m▄[38;2;221;221;212m▅[38;2;207;206;198m▅[38;2;201;200;189;48;2;138;124;118m▃[38;2;135;121;99;48;2;158;147;139m▅[38;2;125;111;62;48;2;234;214;114m▎[38;2;228;204;90;48;2;174;154;79m▋[38;2;197;174;82;48;2;125;113;99m▆[38;2;214;193;92;48;2;162;147;78m▇[0m[38;2;197;179;87m▊[38;2;152;152;147m▁[0m
 [38;2;0;0;0m   [0m  [7m[38;2;92;81;41m▇[38;2;146;136;111m━[38;2;128;123;116m━[0m[38;2;163;144;75m▂[38;2;155;136;67m▄[38;2;178;157;77m▅[38;2;141;124;63;48;2;162;143;74m┈[38;2;174;153;78;48;2;160;141;71m▇[38;2;165;145;76;48;2;81;69;59m▇[38;2;161;142;75;48;2;135;119;66m▇[0m[7m[38;2;141;124;70m▝[0m[38;2;107;94;90;48;2;156;148;142m▎[38;2;139;126;122;48;2;202;202;195m▃[38;2;129;116;112;48;2;206;206;198m▃[38;2;81;72;45;48;2;195;186;139m▖[38;2;83;72;38;48;2;179;163;103m▁[0m[7m[38;2;180;160;74m▖[38;2;172;153;78m▂[38;2;128;118;108m▃[38;2;158;141;74m▂[38;2;195;173;73m▃[38;2;141;141;134m▅[0m
 [38;2;0;0;0m     [7m[38;2;121;107;87m▍[0m[38;2;202;179;80;48;2;131;116;109m▂[38;2;160;140;79;48;2;121;104;94m▁[0m[7m[38;2;121;105;73m▗[38;2;136;119;62m▆[38;2;167;147;77m▇[0m[38;2;158;139;68m▝[7m[38;2;176;155;76m▂[38;2;124;108;60m▂[38;2;132;117;62m▆[0m[38;2;88;75;71m▝[38;2;82;71;53;48;2;204;183;94m▎[38;2;225;201;89;48;2;138;121;70m▇[38;2;203;182;88;48;2;118;101;86m▆[0m[7m[38;2;141;124;55m▝[0m [38;2;0;0;0m      [0m
  [38;2;165;160;131m▄[38;2;222;202;102m▄[38;2;221;197;80m▃[38;2;198;180;86m▅[38;2;215;192;77;48;2;230;207;94m╷[38;2;232;207;84;48;2;217;193;82m▋[0m[7m[38;2;171;152;69m▗[0m [38;2;0;0;0m       [7m[38;2;219;196;80m▋[0m[38;2;220;201;98;48;2;168;159;118m▉[38;2;153;140;101;48;2;206;201;168m▂[38;2;232;206;85;48;2;198;175;77m╴[0m[38;2;193;171;75m▆[38;2;191;175;107m▇[38;2;172;170;144m▆    [0m
 [38;2;92;92;90m▝[7m[38;2;181;180;172m▆[38;2;150;131;68m▃[0m[38;2;172;167;148;48;2;166;150;88m╶[38;2;134;119;75;48;2;188;175;121m╶[38;2;171;150;78;48;2;220;196;81m▄[38;2;192;170;74;48;2;206;183;79m╴[0m[38;2;194;172;75m▍        [7m[38;2;231;211;113m▋[0m[38;2;178;157;74;48;2;230;207;94m▝[38;2;158;137;77;48;2;156;136;77m╴[38;2;157;137;77m╶[38;2;160;139;78m▁[0m[7m[38;2;135;117;66m▗[0m [38;2;0;0;0m    [0m
 [38;2;0;0;0m   [38;2;113;99;53m▝[38;2;115;101;50;48;2;164;143;76m▁[38;2;169;148;79;48;2;160;139;77m▖[38;2;172;151;78;48;2;207;184;80m▍[0m[38;2;132;117;51m▍        [38;2;110;100;51m▝[7m[38;2;228;204;86m▖[0m[38;2;207;183;82;48;2;159;138;78m▎[38;2;170;149;78;48;2;160;140;78m▅[0m[7m[38;2;152;133;69m▗[0m [38;2;0;0;0m     [0m
 [38;2;0;0;0m    [0m [7m[38;2;144;138;112m▂[0m[38;2;168;152;91m▘          [7m[38;2;115;102;42m▉[38;2;175;163;119m▂[0m[38;2;155;149;122m▍       [0m
