[0m [38;2;0;0;0m  [0m [38;2;190;150;122m▄[38;2;221;173;141m▆[38;2;234;176;137m▇[38;2;231;171;129;48;2;144;105;76m▇[0m[38;2;229;167;122m▇[38;2;203;148;109m▆[38;2;164;122;93m▖              [0m
 [38;2;0;0;0m [38;2;122;89;64m▗[38;2;111;81;58;48;2;228;167;123m▘[38;2;230;170;128;48;2;235;196;169m▄[38;2;232;184;152;48;2;230;169;128m▘[38;2;233;170;125;48;2;234;174;134m▄[38;2;230;170;128;48;2;230;168;123m▘[38;2;231;169;123;48;2;221;162;119m╵[38;2;207;168;143;48;2;224;165;122m▁[38;2;95;74;61;48;2;177;137;111m╻[0m[38;2;184;137;105m▖             [0m
 [38;2;0;0;0m [7m[38;2;78;91;96m▌[0m[38;2;181;130;94;48;2;212;173;146m╻[38;2;232;169;123;48;2;227;166;122m▃[38;2;227;165;122;48;2;231;168;123m▘[38;2;232;169;123;48;2;232;169;124m╴[38;2;232;169;124;48;2;228;166;122m▃[38;2;227;165;122;48;2;228;167;123m╵[38;2;44;55;60;48;2;204;163;135m▗[38;2;248;249;251;48;2;52;58;62m▘[38;2;18;69;82;48;2;153;115;90m▖[0m[38;2;101;74;57m▏            [0m
 [38;2;0;0;0m [7m[38;2;113;110;100m▍[0m[38;2;16;43;51;48;2;185;149;117m▘[38;2;228;166;122;48;2;231;169;123m▅[38;2;228;167;122;48;2;231;168;123m▌[48;2;233;170;124m [38;2;233;170;124;48;2;232;169;123m▉[38;2;232;169;124;48;2;227;165;122m▅[38;2;30;84;95;48;2;216;161;120m▝[38;2;199;146;111;48;2;56;93;105m▃[38;2;54;100;112;48;2;183;138;108m▘[0m[38;2;163;121;93m▌            [0m
  [38;2;85;63;48;48;2;187;138;104m▖[38;2;155;113;85;48;2;204;156;123m╴[38;2;129;98;87;48;2;226;165;122m▂[38;2;169;126;96;48;2;228;168;125m▁[38;2;147;109;86;48;2;227;165;122m▁[38;2;151;108;102;48;2;226;165;121m▂[38;2;149;104;109;48;2;232;169;124m▃[38;2;96;73;61;48;2;190;136;120m╶[38;2;105;91;94;48;2;169;133;116m╺[38;2;185;138;106;48;2;176;131;101m╵[0m[38;2;161;121;93m▘        [0m [7m[38;2;153;77;49m▍[0m[38;2;199;94;59m▖ [0m
 [38;2;0;0;0m [0m [7m[38;2;151;112;86m▅[38;2;153;115;95m▃[38;2;146;106;105m▁[0m[38;2;155;119;106;48;2;164;124;134m▖[38;2;158;120;99;48;2;185;156;170m▂[38;2;170;134;115;48;2;190;165;177m▃[38;2;136;113;109;48;2;176;140;129m┘[38;2;184;137;105;48;2;179;133;103m┊[0m[38;2;156;116;89m▋[0m [38;2;0;0;0m       [7m[38;2;88;49;34m▉[38;2;218;175;93m▘[0m[38;2;131;66;40;48;2;223;119;73m▘[0m[38;2;223;125;74m▋[0m [0m
  [38;2;144;105;76m▂[38;2;214;156;114m▃[38;2;219;160;117m▅[38;2;217;159;116;48;2;63;46;34m▆[38;2;224;186;151;48;2;190;142;108m▂[38;2;220;204;182;48;2;173;133;105m▄[38;2;220;206;185;48;2;171;133;107m▄[38;2;206;185;160;48;2;176;134;105m▂[38;2;226;165;121;48;2;184;138;105m▃[38;2;202;148;112;48;2;230;168;123m▘[38;2;232;169;124;48;2;123;89;64m▇[0m[38;2;226;165;120m▆[38;2;227;166;121m▄[38;2;204;148;109m▃[38;2;214;157;115m▂[38;2;120;89;68m▖  [38;2;163;124;68m▗[38;2;230;144;99;48;2;228;130;79m╵[38;2;226;125;82;48;2;224;110;69m▘[38;2;224;105;63;48;2;245;201;114m▎[0m[38;2;197;140;79m▌[0m
[38;2;148;110;81m▝[38;2;132;96;71;48;2;226;165;122m▖[38;2;210;155;116;48;2;227;165;122m▁[38;2;186;138;106;48;2;229;167;122m▁[38;2;198;146;111;48;2;233;170;124m▂[38;2;128;103;81;48;2;209;160;123m┍[38;2;246;233;208;48;2;234;219;193m┊[38;2;245;232;207;48;2;248;236;215m▆[38;2;244;230;204;48;2;247;235;213m▅[38;2;246;233;209;48;2;244;231;206m╴[38;2;205;159;123;48;2;225;200;171m╵[38;2;228;166;122;48;2;218;161;121m╵[38;2;146;107;82;48;2;230;168;123m▁[38;2;189;141;108;48;2;229;167;123m▁[38;2;182;136;105;48;2;227;166;122m▁[38;2;184;137;104;48;2;223;163;121m▗[38;2;47;34;25;48;2;183;135;103m▁[0m[7m[38;2;156;115;87m▂[0m  [7m[38;2;223;184;89m▂[0m[38;2;247;208;100;48;2;238;170;90m▉[38;2;247;208;117;48;2;232;147;87m▅[38;2;227;121;72;48;2;244;201;124m▗[0m[38;2;192;124;75m▋[0m
 [7m[38;2;93;71;56m▆[38;2;157;115;87m▇[38;2;154;114;87m▇[38;2;130;95;72m▇[38;2;238;227;205m▍[0m[38;2;248;237;217;48;2;245;232;207m▄[38;2;246;234;211m▖[38;2;244;231;205;48;2;242;229;202m▖[38;2;242;228;201;48;2;240;226;199m╾[38;2;246;233;209;48;2;242;228;201m▝[38;2;183;158;131;48;2;222;201;174m╵[38;2;232;169;123;48;2;212;156;116m╴[38;2;77;57;44;48;2;207;152;113m▝[0m[7m[38;2;142;106;82m▇[38;2;41;29;22m▇[0m[38;2;0;0;0m     [7m[38;2;219;173;101m▄[0m[38;2;126;87;62;48;2;238;205;114m▃[0m[7m[38;2;219;122;70m▃[0m[38;2;132;67;46m▘[0m
 [38;2;0;0;0m   [0m [7m[38;2;236;226;207m▎[0m[38;2;249;238;218;48;2;249;237;218m╴[38;2;243;230;205;48;2;247;235;214m┗[38;2;247;235;214;48;2;243;230;205m▁[38;2;240;226;199;48;2;239;225;198m▏[38;2;243;230;204m▝[38;2;238;224;199;48;2;245;232;207m▁[38;2;163;127;99;48;2;221;179;143m╻[48;2;233;170;125m [38;2;226;164;120;48;2;148;107;77m▇[0m[38;2;194;141;104m▖    [0m [38;2;169;126;97m▗[38;2;194;142;105m▊  [0m
 [38;2;0;0;0m  [38;2;233;191;163m▗[38;2;229;177;142;48;2;126;95;74m▇[38;2;185;162;139;48;2;219;174;140m╵[38;2;244;231;210;48;2;222;208;188m╵[38;2;222;207;189;48;2;246;235;215m▄[38;2;219;204;184;48;2;244;232;211m▄[38;2;217;202;181;48;2;238;224;198m▅[38;2;215;200;180;48;2;234;219;193m▆[38;2;215;199;176;48;2;205;189;167m╵[38;2;221;168;131;48;2;224;183;154m╵[38;2;237;189;155;48;2;233;172;128m▌[38;2;230;168;123;48;2;232;170;124m▝[38;2;232;169;124;48;2;226;165;121m╴[0m[38;2;157;116;89m▃[38;2;127;95;77m▃[38;2;146;109;88m▃[38;2;155;116;94m▄[38;2;157;118;95m▆[38;2;102;94;86;48;2;166;132;107m▁[0m[38;2;117;101;85m▘  [0m
 [38;2;0;0;0m [7m[38;2;115;86;66m▊[0m[38;2;212;157;119;48;2;234;194;167m▄[38;2;191;142;108;48;2;229;174;136m▄[38;2;186;138;106;48;2;216;158;118m▆[38;2;194;154;124;48;2;183;140;111m┊[38;2;180;140;111;48;2;212;197;179m▄[38;2;170;139;116;48;2;217;203;184m▂[38;2;218;203;183;48;2;215;200;181m┊[38;2;215;200;178;48;2;219;204;186m┛[38;2;170;151;133;48;2;204;187;169m╶[38;2;233;181;146;48;2;215;162;126m╵[38;2;194;144;109;48;2;229;168;124m▂[38;2;194;143;109;48;2;231;168;124m▂[38;2;191;141;108;48;2;222;162;120m▄[38;2;177;132;102;48;2;110;82;64m▉[38;2;106;79;63;48;2;154;117;96m▏[38;2;178;170;159;48;2;156;119;98m▁[38;2;87;82;76;48;2;161;131;111m▁[0m[7m[38;2;140;122;107m▃[38;2;77;72;67m▇[0m[38;2;7;6;5m   [0m
  [38;2;155;144;140m▃[38;2;148;110;84;48;2;173;134;109m╸[38;2;180;135;104;48;2;183;137;106m╴[48;2;184;137;105m▄[38;2;187;138;107;48;2;178;131;101m┊[0m[7m[38;2;156;115;88m▅[38;2;131;97;74m▆[38;2;119;93;75m▇[38;2;198;185;169m▇[38;2;176;164;148m▆[38;2;163;135;113m▆[38;2;174;128;98m▖[0m[38;2;185;137;105;48;2;186;138;106m▚[38;2;182;136;105m▄[38;2;186;138;106;48;2;181;136;104m▇[0m[7m[38;2;133;124;112m▅[38;2;117;111;103m▆[0m [38;2;0;0;0m     [0m
 [7m[38;2;77;79;84m▆[38;2;181;183;191m▅[38;2;158;159;165m▄[38;2;161;143;135m▆[38;2;107;79;60m▇[0m [38;2;0;0;0m      [0m [7m[38;2;157;116;89m▃[38;2;177;152;137m▂[0m[38;2;68;68;72;48;2;159;138;130m▂[0m[7m[38;2;149;147;155m▂[0m [38;2;58;59;62m      [0m
