[0m [38;2;0;0;0m        [38;2;147;150;156m▗[38;2;139;142;147m▎            [0m
 [38;2;0;0;0m   [38;2;79;129;137m╻  [0m [38;2;119;121;125m▃[38;2;75;77;79;48;2;176;178;184m▘[38;2;162;164;168;48;2;70;71;73m▖[0m [38;2;0;0;0m           [0m
[38;2;62;94;101m▗[0m [38;2;0;0;0m [38;2;70;126;135m▗[7m[38;2;42;87;102m▝[0m[38;2;54;137;171m▂[38;2;65;164;206m▁[38;2;60;131;162m▗[38;2;76;87;94;48;2;129;164;184m▘[38;2;63;140;173;48;2;160;168;177m▅[38;2;61;137;168;48;2;107;108;112m▇[0m[38;2;48;121;152m▄[38;2;51;73;84m▁[0m  [38;2;116;120;126m▖       [0m
[38;2;70;91;107m╻[38;2;73;132;143m▚[38;2;80;142;160m▆[38;2;69;120;129;48;2;68;125;137m╵[38;2;62;123;143;48;2;66;142;168m╶[38;2;69;135;153;48;2;62;135;160m╸[38;2;57;121;142;48;2;67;142;169m╼[38;2;73;133;155;48;2;61;147;181m▘[38;2;44;110;139;48;2;61;147;183m▁[38;2;59;144;178;48;2;57;141;176m┈[38;2;74;144;170;48;2;58;142;175m▁[38;2;58;148;184;48;2;56;140;176m▄[38;2;49;126;159;48;2;62;141;174m┊[0m[38;2;147;167;178m▆[38;2;164;167;171m▘[0m [38;2;0;0;0m       [0m
[7m[38;2;121;121;133m▘[0m[38;2;33;52;67;48;2;89;135;157m╹[38;2;66;148;181;48;2;77;128;139m▃[38;2;157;137;137;48;2;80;123;138m╺[38;2;160;171;179;48;2;74;136;161m╸[38;2;57;141;176;48;2;58;142;176m╴[38;2;48;103;131;48;2;58;144;182m▃[38;2;136;157;170;48;2;56;129;165m▂[38;2;197;202;210;48;2;62;127;162m▃[38;2;217;224;233;48;2;105;151;171m▖[38;2;151;149;135;48;2;68;133;158m▗[38;2;174;160;137;48;2;66;133;158m▖[38;2;117;144;147;48;2;62;140;171m▁[0m[7m[38;2;154;158;164m▅[38;2;127;129;133m▇[0m[38;2;6;6;6m    [0m [38;2;139;141;152m▖  [0m
[7m[38;2;50;50;52m▇[38;2;134;124;123m▁[0m[38;2;101;65;64;48;2;218;200;166m▆[38;2;147;142;126;48;2;76;94;102m▚[38;2;53;132;164;48;2;57;142;176m▁[38;2;53;111;140;48;2;56;137;170m▁[38;2;39;52;62;48;2;91;144;171m▁[38;2;172;174;180;48;2;185;188;194m▉[38;2;203;208;214;48;2;181;184;190m╵[38;2;150;152;160;48;2;188;183;176m╶[38;2;185;165;137;48;2;179;160;133m┊[38;2;178;159;131;48;2;143;149;138m▉[38;2;176;169;146;48;2;71;136;161m▝[0m[38;2;93;140;153m▌   [7m[38;2;142;145;157m▌[0m[38;2;122;123;136m▄[38;2;152;154;170;48;2;113;115;123m▇[0m[7m[38;2;117;118;128m▗[0m [38;2;0;0;0m [0m
 [38;2;30;73;100m┖[38;2;206;163;182;48;2;102;72;76m▗[38;2;179;141;156;48;2;142;115;115m▇[38;2;102;130;137;48;2;40;90;112m▉[0m[7m[38;2;39;78;98m▅[0m[38;2;35;80;100m╺[7m[38;2;97;98;102m▆[0m[38;2;166;169;177m▘[38;2;172;154;128;48;2;210;190;160m▝[38;2;155;138;115;48;2;184;164;137m╍[38;2;148;133;112;48;2;185;165;138m╍[38;2;65;132;158;48;2;131;147;142m▊[0m[38;2;132;150;144m▌ [38;2;34;76;97m▁[38;2;77;162;205m▂[38;2;26;62;81;48;2;112;138;163m▍[38;2;49;109;146;48;2;138;139;157m▄[38;2;107;123;146;48;2;74;74;83m▉[0m[38;2;90;90;101m▘  [0m
 [38;2;144;137;124m╻[38;2;105;88;85;48;2;187;157;164m▏[38;2;192;165;167;48;2;133;117;106m▉[0m[38;2;126;122;110m▘ [0m [38;2;59;145;184m▎[7m[38;2;205;188;158m▋[0m[38;2;231;213;182;48;2;188;168;139m▋[38;2;194;173;141m╴[38;2;106;115;110;48;2;182;167;140m▁[38;2;143;150;139;48;2;66;140;169m▂[0m[38;2;43;111;139m▘[38;2;61;145;189m▗[38;2;87;173;217;48;2;64;143;184m╵[38;2;81;128;151;48;2;71;146;188m▇[38;2;92;116;128;48;2;65;125;156m╴[38;2;92;119;134;48;2;43;101;139m▇[38;2;112;123;133;48;2;54;112;150m▘[0m[38;2;73;100;118m▄[38;2;66;68;78m▁[38;2;91;92;101m▃[0m
 [38;2;32;77;99m▁[38;2;33;75;99m╹[7m[38;2;128;117;100m▇[0m[38;2;0;0;0m  [7m[38;2;32;81;102m▉[0m [38;2;113;106;88;48;2;229;211;181m▏[38;2;220;200;167;48;2;191;171;141m▘[38;2;191;170;140;48;2;141;125;104m▇[38;2;175;157;132;48;2;50;125;157m▊[38;2;81;140;160;48;2;50;83;97m▉[0m[7m[38;2;52;124;163m▘[0m[38;2;63;127;160;48;2;87;166;206m▅[38;2;147;143;133;48;2;53;126;163m▃[38;2;146;138;126;48;2;59;122;153m▝[38;2;91;101;102;48;2;112;128;131m╲[0m[7m[38;2;135;122;112m▄[0m[38;2;150;134;125;48;2;117;116;116m╴[38;2;88;104;113;48;2;64;108;136m▖[38;2;148;148;167;48;2;119;123;140m╵[0m[38;2;80;81;91m▘[0m
  [38;2;0;0;0m    [38;2;46;115;139m┕[7m[38;2;146;159;150m▋[0m[38;2;229;210;179;48;2;208;188;156m▉[38;2;149;132;109;48;2;190;170;140m─[38;2;134;119;100;48;2;186;166;138m─[38;2;62;111;131;48;2;105;140;146m┙[38;2;148;154;143;48;2;62;118;141m▍[38;2;170;153;137;48;2;53;123;160m▃[38;2;62;123;153;48;2;105;130;137m▇[38;2;166;148;127;48;2;75;121;142m▘[0m[7m[38;2;116;121;118m▗[0m [38;2;1;1;1m [7m[38;2;194;175;158m▌[0m[38;2;162;144;132;48;2;66;98;121m▌[0m[38;2;41;70;90m▎ [0m
 [38;2;0;0;0m      [38;2;138;125;104m▝[38;2;103;92;77;48;2;203;185;157m▁[38;2;187;167;139;48;2;193;172;141m▇[38;2;192;171;140;48;2;186;166;139m▁[38;2;177;160;134;48;2;54;132;165m▌[38;2;58;102;126;48;2;68;126;150m┏[38;2;57;126;162;48;2;137;141;136m━[38;2;114;101;87;48;2;115;137;143m▁[0m[7m[38;2;100;103;99m▄[0m [38;2;0;0;0m  [7m[38;2;161;159;155m▋[0m[38;2;70;93;109;48;2;106;111;114m╶[0m [38;2;10;21;28m [0m
 [38;2;0;0;0m       [0m [7m[38;2;156;139;115m▅[38;2;160;143;120m▄[38;2;135;127;116m▃[38;2;153;136;119m▃[38;2;166;149;130m▅[38;2;78;70;61m▇[0m[38;2;4;4;3m [0m [38;2;100;116;130m▄[38;2;132;143;161;48;2;31;65;86m▆[38;2;59;145;201;48;2;70;129;171m╵[0m[38;2;71;112;143m▊  [0m
 [38;2;0;0;0m              [0m [38;2;119;131;149m▝[7m[38;2;163;165;177m▃[38;2;95;143;175m▁[0m[38;2;88;120;148;48;2;138;146;166m▏[0m[38;2;103;126;147m▋  [0m
 [38;2;0;0;0m                [0m  [7m[38;2;124;126;137m▄[0m[38;2;58;95;117m▘  [0m
