[0m  [38;2;141;158;173m▃[38;2;152;170;186m▅[38;2;159;177;194;48;2;74;81;88m▇[0m[38;2;146;164;180m▆[38;2;123;138;152m▖                  [0m
 [7m[38;2;123;136;149m▌[0m[38;2;162;182;199;48;2;153;173;190m╴[38;2;96;107;123;48;2;150;168;184m▁[38;2;88;97;112;48;2;124;138;155m╶[0m[7m[38;2;102;112;129m▁[0m[38;2;76;86;100m▋         [38;2;150;165;179m▗[38;2;148;164;178m▅[38;2;150;168;182m▅[38;2;135;152;168m▄[38;2;102;115;127m▂    [0m
  [38;2;71;80;89;48;2;141;158;174m▏[38;2;138;151;164;48;2;106;116;132m▅[38;2;132;143;155;48;2;127;138;149m╴[0m[38;2;125;136;147m▖          [7m[38;2;132;147;161m▍[0m[38;2;113;126;142;48;2;135;150;166m╻[38;2;71;78;90;48;2;130;144;162m│[38;2;94;104;121;48;2;143;161;178m▄[38;2;120;134;152;48;2;6;7;9m▉[0m [38;2;0;0;0m   [0m
 [38;2;0;0;0m [7m[38;2;120;134;147m▌[0m[38;2;150;168;184;48;2;131;142;154m▍[38;2;117;128;140;48;2;137;150;163m▁[38;2;109;120;139;48;2;136;151;166m▗[0m[38;2;112;123;140m▄[38;2;139;152;164m▃[38;2;153;170;185m▂[0m [38;2;0;0;0m [38;2;149;147;145m▁[38;2;110;104;99m▗[38;2;175;167;159m▃[0m [38;2;0;0;0m [0m [7m[38;2;104;116;131m▆[38;2;150;170;187m▌[0m[38;2;150;168;186;48;2;125;136;149m▆[38;2;129;138;152;48;2;124;134;147m┊[0m[38;2;116;125;137m▖   [0m
 [38;2;0;0;0m [0m [7m[38;2;106;115;127m▅[38;2;102;112;130m▃[0m[38;2;61;67;75;48;2;107;118;137m▁[38;2;116;127;144;48;2;128;143;160m▇[38;2;124;136;151;48;2;160;179;196m▅[38;2;123;136;153;48;2;159;178;196m▅[38;2;121;133;151;48;2;100;113;124m▇[0m[38;2;116;127;145m▇[38;2;149;146;143;48;2;169;170;170m┈[38;2;161;151;142;48;2;167;160;153m┌[38;2;132;136;140;48;2;151;145;139m┑[0m[38;2;140;131;124m▇[7m[38;2;119;117;116m▝[0m[38;2;149;165;179m▅[38;2;144;162;179m▆[38;2;44;50;55;48;2;142;159;175m▘[38;2;125;137;151;48;2;155;175;194m▁[38;2;93;99;109;48;2;134;147;160m╷[38;2;135;148;161;48;2;90;101;111m▉[0m [38;2;0;0;1m  [0m
  [38;2;144;159;172m▂[38;2;142;158;172m▄[38;2;155;175;193m▄[38;2;147;163;179m▆[38;2;120;129;141;48;2;165;183;200m▂[38;2;124;133;146;48;2;156;175;192m▂[38;2;133;144;158;48;2;155;174;192m▃[38;2;156;176;194;48;2;148;166;183m▇[38;2;121;136;148;48;2;178;188;186m│[38;2;156;160;148;48;2;199;195;174m╎[38;2;195;197;191;48;2;175;162;153m▉[38;2;128;98;92;48;2;158;152;145m╸[38;2;132;135;137;48;2;113;104;99m▌[38;2;110;113;120;48;2;141;144;147m▇[38;2;98;107;125;48;2;144;161;177m▆[38;2;103;111;127;48;2;138;153;169m▇[38;2;59;64;73;48;2;115;122;135m▁[0m[7m[38;2;115;123;134m▂[38;2;124;133;145m▄[38;2;111;121;132m▅[0m[38;2;6;6;7m   [0m
[7m[38;2;97;107;116m▊[0m[38;2;162;181;198;48;2;93;104;115m▇[38;2;159;178;196;48;2;140;157;174m▇[38;2;156;176;194;48;2;145;163;180m▆[38;2;105;114;128;48;2;119;130;146m┈[38;2;129;140;155;48;2;120;131;145m┊[38;2;108;117;131;48;2;129;141;154m─[38;2;103;113;129;48;2;126;135;149m▃[38;2;156;175;192;48;2;130;142;156m▅[38;2;169;187;202;48;2;162;179;196m╴[38;2;123;132;139;48;2;169;182;188m┗[38;2;166;154;138;48;2;188;180;163m╌[38;2;148;141;120;48;2;194;163;168m▁[38;2;96;101;108;48;2;192;173;155m▁[38;2;114;122;133;48;2;165;163;146m▄[38;2;139;157;173;48;2;160;176;188m┊[38;2;163;181;198;48;2;117;128;143m▇[0m[7m[38;2;142;159;176m▝[0m [38;2;46;51;56m      [0m
 [7m[38;2;127;140;154m▃[0m[38;2;104;117;129;48;2;153;172;190m▁[38;2;113;128;141;48;2;144;162;179m┈[38;2;100;106;115;48;2;118;128;139m╶[38;2;116;124;135;48;2;126;138;152m▇[0m[7m[38;2;105;112;122m▗[38;2;103;111;125m▖[0m[38;2;124;138;153;48;2;145;161;177m╴[38;2;160;178;196;48;2;158;177;195m╵[38;2;158;178;196;48;2;156;176;194m▗[38;2;99;110;121;48;2;149;167;184m╷[38;2;138;152;168;48;2;124;135;149m▏[38;2;129;139;152;48;2;109;119;138m▆[38;2;131;141;154;48;2;125;135;148m╴[38;2;150;168;184;48;2;125;136;149m╵[0m[7m[38;2;152;170;188m▂[0m[38;2;160;179;197;48;2;150;169;185m╴[38;2;164;183;199;48;2;149;165;180m╴[0m[38;2;159;175;189m▆[38;2;157;173;188m▅[38;2;122;135;148m▃[0m [38;2;0;0;0m  [0m
 [38;2;0;0;0m [38;2;72;81;90m▝[7m[38;2;114;123;135m▄[38;2;110;117;127m▅[38;2;121;130;142m▅[38;2;106;119;131m▃[0m [7m[38;2;106;109;111m▍[0m[38;2;128;118;82;48;2;118;127;139m▂[38;2;170;156;110;48;2;125;134;142m▃[38;2;169;160;117;48;2;139;137;129m╷[38;2;111;104;79;48;2;119;127;138m▁[0m[7m[38;2;120;129;141m▂[38;2;112;120;131m▃[0m[38;2;83;88;96m▘ [38;2;145;163;179m▝[7m[38;2;153;172;188m▂[38;2;149;166;181m▁[0m[38;2;138;152;167;48;2;159;175;191m┱[38;2;159;179;197;48;2;170;187;203m▄[0m[7m[38;2;149;167;184m▝[0m[38;2;131;148;163m▃[0m [0m
 [38;2;0;0;0m    [38;2;73;83;91m▗[38;2;138;155;170m▅[38;2;151;171;188m▇[38;2;153;173;191;48;2;101;112;126m▇[38;2;150;170;187;48;2;88;93;98m▖[38;2;29;30;33;48;2;168;157;103m▄[38;2;32;34;37;48;2;164;152;100m▄[38;2;112;121;132;48;2;62;61;56m▃[38;2;122;132;144;48;2;33;35;37m▆[0m[38;2;128;141;155m▅[38;2;133;150;165m▃[0m [38;2;51;57;63m   [7m[38;2;128;144;159m▍[0m[38;2;147;165;182;48;2;152;171;188m╴[38;2;155;176;194;48;2;148;166;183m╴[38;2;136;154;170m╴[0m[38;2;118;133;146m▊[0m
 [38;2;0;0;0m   [38;2;113;126;137m▗[38;2;173;190;205;48;2;156;173;188m╴[38;2;159;178;196;48;2;156;175;193m╴[38;2;130;141;155;48;2;157;177;195m▃[38;2;146;164;180;48;2;131;144;158m╵[0m[7m[38;2;87;94;103m▄[38;2;23;23;25m▄[0m[38;2;11;11;12;48;2;75;81;88m▊[0m[7m[38;2;136;149;164m▂[0m[38;2;112;121;132;48;2;155;173;191m▁[38;2;129;140;154;48;2;153;172;190m▁[38;2;125;139;153;48;2;144;160;176m╴[38;2;155;176;194;48;2;142;159;175m╴[0m[38;2;85;93;102m▖   [7m[38;2;66;72;79m▇[38;2;64;71;79m▇[38;2;145;162;179m▆[38;2;104;115;126m▆[0m
 [38;2;0;0;0m  [7m[38;2;111;121;132m▎[0m[38;2;131;142;154;48;2;128;139;151m▚[38;2;114;123;134;48;2;138;151;164m╸[38;2;137;151;164;48;2;50;54;59m▋[0m[7m[38;2;115;124;135m▆[38;2;50;54;59m▇[0m[38;2;0;0;0m    [7m[38;2;72;78;92m▌[0m[38;2;101;109;126;48;2;97;105;123m┊[38;2;97;105;121;48;2;70;75;85m▉[0m[7m[38;2;93;100;110m▄[0m [38;2;0;0;0m       [0m
 [38;2;0;0;0m [38;2;93;101;110m▗[38;2;131;141;154;48;2;126;136;149m╵[38;2;126;136;148;48;2;79;85;93m▉[0m[7m[38;2;111;120;131m▅[38;2;69;76;83m▇[0m[38;2;3;4;4m      [38;2;89;97;114m▝[38;2;71;77;89;48;2;98;107;126m▁[38;2;95;104;123;48;2;110;121;138m╵[0m[38;2;118;130;146m▄[38;2;162;178;193m▂[0m [38;2;0;0;0m      [0m
[38;2;132;145;157m┏[38;2;111;124;135m▆[38;2;69;76;83;48;2;147;165;181m▖[38;2;173;190;205;48;2;139;155;170m╴[0m[7m[38;2;117;127;139m▄[0m [38;2;0;0;0m        [0m [7m[38;2;152;168;183m▆[38;2;123;135;148m▆[38;2;126;139;152m▆[0m [38;2;0;0;0m      [0m
