[0m [38;2;0;0;0m       [38;2;140;136;124m▌   [0m [38;2;172;169;155m▖        [0m
 [38;2;0;0;0m    [7m[38;2;70;66;64m▎[0m[38;2;77;72;70m▆[38;2;15;10;12m▅[38;2;176;170;149m▊[38;2;222;202;172m▗[38;2;244;219;180m▄[38;2;158;140;107m▖[7m[38;2;186;180;158m▌[0m[38;2;144;139;124m▏[38;2;57;54;52m▁[38;2;94;90;86m▂[38;2;95;90;87m▃[0m [38;2;33;31;30m    [0m
  [38;2;100;99;92m▂  [7m[38;2;22;18;18m▏[0m[38;2;168;132;93;48;2;117;90;68m▗[38;2;199;172;135;48;2;72;54;41m▅[38;2;122;113;97;48;2;224;217;191m▎[38;2;68;64;57;48;2;221;200;161m▏[38;2;202;176;132;48;2;233;209;169m▁[38;2;101;93;78;48;2;207;187;150m▝[38;2;202;195;172;48;2;49;45;41m▊[38;2;48;35;28;48;2;16;11;11m▁[38;2;33;25;24;48;2;103;85;72m╸[38;2;103;83;68;48;2;112;93;80m━[38;2;37;29;27;48;2;96;91;88m▅[0m[38;2;116;110;98m▁[38;2;212;205;182m▃[38;2;234;225;199m▂[0m [38;2;71;69;60m [0m
 [38;2;0;0;0m [7m[38;2;118;116;106m▇[0m[38;2;138;134;118m┗[38;2;189;182;161m┐[38;2;219;212;186;48;2;41;38;35m▂[38;2;226;218;194;48;2;157;142;119m▇[38;2;202;199;190;48;2;234;228;211m╻[38;2;247;241;221;48;2;242;237;218m╵[38;2;192;187;172;48;2;227;206;168m▏[38;2;232;202;152;48;2;235;207;161m╺[38;2;144;130;105;48;2;231;217;182m╹[38;2;246;237;207;48;2;245;236;206m╵[38;2;247;238;207;48;2;240;231;202m╴[38;2;227;215;187;48;2;163;138;109m▆[38;2;102;80;58;48;2;184;151;113m▗[38;2;26;19;17;48;2;12;7;8m▉[0m[38;2;218;206;179m▝[7m[38;2;205;195;170m▂[0m[38;2;158;147;127;48;2;224;214;187m╻[38;2;130;126;110;48;2;223;213;186m▝[0m [0m
  [38;2;146;144;135m╴[38;2;105;103;90m▃[38;2;222;217;191m▁[7m[38;2;237;229;201m▎[0m[38;2;241;239;234;48;2;227;224;214m┊[38;2;80;78;77;48;2;218;217;212m╻[38;2;198;190;167;48;2;231;226;209m╻[38;2;244;235;206;48;2;246;238;211m▇[38;2;246;237;206;48;2;242;233;205m▘[38;2;241;232;205;48;2;235;226;200m╴[38;2;196;192;183;48;2;230;226;215m╸[38;2;163;162;161;48;2;202;200;195m╸[38;2;169;165;153;48;2;235;229;214m╲[38;2;212;198;170;48;2;146;134;116m▇[0m[7m[38;2;129;120;103m▝[0m[38;2;217;210;183m━[38;2;225;217;190;48;2;83;80;70m▆[38;2;149;144;126;48;2;209;201;177m▁[0m[38;2;170;162;142m▘ [0m
 [38;2;0;0;0m   [0m [7m[38;2;224;217;190m▇[38;2;210;201;178m▂[0m[38;2;114;108;98;48;2;211;204;185m╏[38;2;157;127;126;48;2;238;230;205m▃[38;2;148;106;119;48;2;240;231;203m▂[38;2;191;164;161;48;2;245;236;206m▂[38;2;166;138;138;48;2;238;229;203m▁[38;2;199;193;175;48;2;227;222;209m╷[38;2;124;118;107;48;2;221;215;201m▎[38;2;213;200;173;48;2;231;227;215m▅[38;2;123;113;96;48;2;196;181;153m╷[0m[7m[38;2;165;155;133m▝[0m[38;2;117;113;99;48;2;218;211;185m▘[38;2;60;56;48;48;2;210;202;178m▁[0m[38;2;149;144;127m▂[0m [38;2;0;0;0m [0m
 [38;2;0;0;0m    [0m [38;2;190;184;162m▁[38;2;231;223;196m▂[7m[38;2;176;160;141m╸[0m[38;2;152;112;123;48;2;188;162;157m▘[38;2;225;186;197;48;2;193;157;162m━[38;2;161;150;129;48;2;199;158;168m▁[38;2;135;121;112;48;2;187;167;153m╎[38;2;174;163;141;48;2;199;186;161m╼[38;2;106;100;88;48;2;181;170;148m▁[0m[7m[38;2;160;150;132m▂[38;2;184;172;150m▄[38;2;123;117;101m▆[0m[38;2;2;1;1m    [0m
  [38;2;176;171;149m▂[38;2;229;222;193m▄[38;2;221;214;186m▆[7m[38;2;199;192;168m▂[38;2;231;223;195m▅▇[38;2;222;214;189m▘[0m[38;2;240;230;203;48;2;208;197;174m▅[38;2;235;226;198;48;2;189;178;158m▄[38;2;239;229;199;48;2;190;179;158m▃[0m[38;2;202;191;168m▌[7m[38;2;168;159;140m▇[0m [38;2;0;0;0m       [0m
[38;2;224;220;203m▗[38;2;229;224;203m▇[38;2;247;241;221;48;2;244;238;213m╴[0m[7m[38;2;224;216;190m▗[38;2;96;93;82m▇[0m[38;2;3;3;2m  [7m[38;2;221;208;178m▌[0m[38;2;227;213;182;48;2;243;234;205m▂[38;2;246;237;207m╴[48;2;242;232;205m▃[38;2;236;225;197;48;2;244;235;206m▁[0m[38;2;190;182;158m▋         [0m
[7m[38;2;141;133;116m▆[38;2;211;200;174m▄[38;2;216;205;177m▅[38;2;151;141;120m▅[0m[38;2;0;0;0m [38;2;116;112;99m▂[38;2;212;204;180m▄[7m[38;2;159;148;126m▗[38;2;198;183;155m▅[38;2;197;183;155m▃[0m[38;2;129;120;103;48;2;202;187;159m▏[0m[7m[38;2;173;162;140m╺[0m [38;2;66;64;58m    [38;2;104;82;58m▗[38;2;177;140;98m▆[38;2;157;119;79m▇[38;2;149;112;75m▇[38;2;182;138;88m▖[0m
 [38;2;0;0;0m [38;2;90;68;43m▂[38;2;154;116;72m▄[38;2;179;136;87m▆[38;2;241;230;201;48;2;208;180;140m╵[0m[7m[38;2;199;192;168m▄[0m [38;2;0;0;0m [38;2;162;157;137m▗[38;2;124;118;102;48;2;210;195;167m▏[0m[38;2;160;148;127m▏[7m[38;2;144;138;125m▄[0m[38;2;184;174;154m━[38;2;165;155;137m▄[38;2;192;181;157m▂[38;2;160;150;128m▂[38;2;187;149;103m▁[38;2;113;85;54;48;2;179;135;86m▖[38;2;164;124;80;48;2;123;93;68m▃[38;2;58;41;30;48;2;148;111;75m╵[0m[7m[38;2;145;109;69m▗[0m
 [38;2;106;82;56m▝[38;2;189;148;101;48;2;155;121;85m╴[38;2;125;95;68;48;2;183;143;96m▁[0m[7m[38;2;177;134;84m▃[0m[38;2;118;89;56m▘  [0m [7m[38;2;201;178;143m▎[0m[38;2;188;145;97;48;2;239;229;201m▃[0m[38;2;129;124;109m▎  [0m [7m[38;2;135;127;110m▆[38;2;180;169;144m▅[38;2;188;151;107m▅[38;2;179;136;86m▅[38;2;146;110;70m▅[38;2;132;99;63m▇[0m[38;2;5;4;2m [0m
 [38;2;0;0;0m [0m [7m[38;2;45;33;23m▇[0m[38;2;0;0;0m    [38;2;180;136;86m▗[48;2;185;140;89m [38;2;186;141;89;48;2;53;37;22m▉[0m [38;2;0;0;0m          [0m
 [38;2;0;0;0m      [0m [7m[38;2;150;116;80m▂[0m[38;2;94;71;50;48;2;189;150;104m▂[0m[38;2;134;101;65m▉           [0m
