[0m [38;2;0;0;0m           [7m[38;2;212;207;216m▎[38;2;184;179;188m▝[0m[38;2;185;180;187m▃[38;2;173;169;176m▃[38;2;167;163;170m▆      [0m
 [38;2;0;0;0m          [38;2;221;217;226m▗[38;2;221;215;226;48;2;219;215;224m╵[38;2;221;217;226;48;2;216;212;221m╴[38;2;219;214;224;48;2;214;209;219m╵[38;2;221;216;225;48;2;218;212;223m╵[0m[38;2;199;194;201m▊      [0m
 [38;2;0;0;0m     [0m [38;2;222;219;226m▃[38;2;107;105;109m▖  [7m[38;2;145;142;149m▖[0m[38;2;189;183;192;48;2;219;214;224m▂[38;2;136;126;135;48;2;204;199;209m╺[38;2;116;109;116;48;2;201;196;205m╸[38;2;177;172;179;48;2;210;205;214m╷[38;2;98;95;99;48;2;199;194;201m▗[0m [38;2;61;59;61m     [0m
 [38;2;0;0;0m     [38;2;107;105;109m▝[7m[38;2;189;183;192m▖[0m[38;2;160;154;166;48;2;100;98;102m▇[0m[38;2;191;186;197m▄[38;2;183;179;187m▃[7m[38;2;163;156;166m▎[38;2;171;165;174m▝[0m[38;2;164;157;161;48;2;186;180;186m━[38;2;68;65;67;48;2;160;155;161m┬[0m[7m[38;2;199;193;201m▃[0m[38;2;136;132;138m▘      [0m
 [38;2;138;114;138m▂[38;2;181;145;181m▂[38;2;123;96;123m▁[7m[38;2;103;100;105m▉[38;2;185;181;188m▁[38;2;149;144;153m▂[38;2;171;165;177m▁[0m[38;2;74;70;76;48;2;172;165;179m▁[0m[7m[38;2;160;155;165m▂[38;2;216;212;220m▂[38;2;185;180;188m▖[0m[38;2;171;165;171;48;2;195;189;197m╴[38;2;178;175;180;48;2;209;205;213m╴[38;2;202;198;207;48;2;214;209;219m┈[38;2;147;143;146;48;2;200;195;203m╷[0m[38;2;152;147;152m▖      [0m
[7m[38;2;119;94;118m▘[38;2;111;89;110m▗[38;2;169;134;168m▆[38;2;141;111;140m▖[0m[38;2;149;117;148m▆[38;2;99;78;98m▖     [0m [7m[38;2;173;170;177m▄[0m[38;2;218;212;223;48;2;200;194;204m╴[38;2;168;162;168;48;2;197;191;199m╼[38;2;107;104;107;48;2;175;170;175m╶[0m[7m[38;2;155;149;159m▄[0m[38;2;173;166;179m━[38;2;180;174;181m▄[38;2;98;96;100m▖   [0m
[7m[38;2;131;104;128m▏[0m[38;2;95;76;93m▎  [7m[38;2;98;78;97m▖[0m[38;2;153;121;150;48;2;146;115;143m┊[0m[38;2;148;117;146m▖     [38;2;110;108;112m▂[7m[38;2;191;186;194m▘[0m[38;2;198;192;199;48;2;190;183;190m▁[38;2;172;159;172;48;2;186;176;185m╷[0m[7m[38;2;137;126;137m▝[0m[38;2;90;87;90m▁[38;2;97;94;98m▝[7m[38;2;173;168;175m▖[0m[38;2;156;152;158m▄[0m [38;2;0;0;0m [0m
[38;2;137;110;135m▝[7m[38;2;125;99;122m▝[0m [38;2;0;0;0m [0m [7m[38;2;128;101;125m▖[0m[38;2;152;121;149;48;2;152;120;149m╴[0m[7m[38;2;137;108;134m▝[0m[38;2;134;106;132m▂[0m  [38;2;205;201;208m▅[38;2;228;223;230;48;2;223;219;227m╴[38;2;218;212;224;48;2;221;217;226m▂[38;2;212;207;216;48;2;158;152;158m▉[38;2;142;128;141;48;2;163;128;161m▎[38;2;167;131;166;48;2;176;137;177m▂[38;2;178;139;178;48;2;160;136;159m╴[0m[38;2;194;187;194m▖[38;2;175;169;178m▗[7m[38;2;200;195;203m▃[0m[38;2;177;172;179m▆[38;2;158;153;161m▖[0m
 [7m[38;2;101;80;99m▖[38;2;152;120;151m▝[0m[38;2;149;117;150m▃[0m  [7m[38;2;137;108;135m▖[0m[38;2;151;119;148;48;2;152;120;149m╸[38;2;152;121;149m╵[38;2;151;120;149;48;2;134;106;132m▇[38;2;129;108;128;48;2;200;193;204m▘[38;2;220;215;225;48;2;219;214;224m┊[38;2;197;190;198;48;2;218;212;223m▁[38;2;198;191;199;48;2;219;214;224m▁[38;2;204;198;208;48;2;131;113;130m▉[38;2;153;123;149;48;2;153;122;149m╴[48;2;158;126;155m▇[38;2;152;122;148;48;2;108;97;110m▉[38;2;207;203;210;48;2;192;186;195m╵[0m[38;2;86;82;89m▝[7m[38;2;82;78;85m▅[38;2;139;134;142m▃[38;2;129;125;132m▄[0m
  [38;2;167;130;166m▝[38;2;177;138;178;48;2;170;133;171m╴[48;2;170;134;171m╴[0m[38;2;159;125;160m▅[0m [7m[38;2;121;95;119m▄[0m[38;2;62;49;61;48;2;146;115;143m▁[38;2;151;120;149;48;2;150;118;148m▇[38;2;139;122;138;48;2;208;202;211m▎[38;2;211;206;215;48;2;192;186;192m▘[38;2;191;184;190;48;2;188;181;188m╴[38;2;145;123;141;48;2;184;176;184m▂[38;2;145;117;139;48;2;159;141;157m▅[38;2;153;123;149;48;2;149;120;144m╵[38;2;135;115;134;48;2;153;130;152m╶[38;2;169;161;177;48;2;159;148;163m╴[0m[38;2;170;163;177m▘    [0m
 [38;2;0;0;0m  [38;2;84;66;84m▝[7m[38;2;157;123;158m▃[38;2;172;135;173m▁[0m[38;2;142;111;142m▋  [38;2;185;181;189m▗[38;2;196;190;198;48;2;190;183;191m╴[0m[7m[38;2;167;157;166m▄[38;2;133;111;129m▄[38;2;143;114;136m▅[38;2;138;110;131m▆[38;2;190;184;193m▌[0m[38;2;187;180;190;48;2;80;77;83m▊[0m[7m[38;2;82;79;86m▆[0m[38;2;2;2;2m     [0m
 [38;2;0;0;0m       [38;2;205;201;209m▗[38;2;220;216;225;48;2;200;196;204m╵[0m[38;2;194;189;198m▘   [38;2;96;93;98m▗[38;2;72;70;75;48;2;177;171;182m▘[38;2;186;179;190;48;2;80;77;82m▊[0m [38;2;73;69;75m     [0m
 [38;2;0;0;0m      [38;2;189;185;194m▗[38;2;220;215;226;48;2;216;212;221m╴[38;2;76;74;76;48;2;186;181;186m▝[0m [38;2;90;87;90m   [38;2;191;186;194m▝[7m[38;2;161;156;164m▄[38;2;156;148;162m▃[0m[38;2;105;100;109;48;2;162;155;169m▁[0m[38;2;159;152;165m▆[38;2;194;188;199m▅[38;2;137;134;139m▅  [0m
 [38;2;0;0;0m     [7m[38;2;154;149;156m▘[38;2;205;200;209m▁[38;2;198;194;201m▂[38;2;198;192;200m▂[0m[38;2;136;133;138m▊      [0m [7m[38;2;153;146;158m▇[38;2;120;116;123m▇[0m[38;2;0;0;0m   [0m
