[0m [38;2;0;0;0m         [38;2;18;19;18m▗[38;2;31;31;31m▆[38;2;13;13;13m▏          [0m
 [38;2;0;0;0m        [38;2;23;23;23m▗[7m[38;2;34;34;34m▘[0m[38;2;38;38;38;48;2;26;26;25m▉[0m[38;2;20;20;19m╸          [0m
 [38;2;0;0;0m       [0m [38;2;157;143;113;48;2;36;36;35m▃[38;2;151;137;109;48;2;35;35;36m▆[0m[38;2;116;107;86m▊           [0m
 [38;2;0;0;0m      [0m [7m[38;2;148;135;106m▘[0m[38;2;161;147;115;48;2;162;148;117m▇[38;2;163;148;118;48;2;162;147;116m▘[0m[38;2;149;136;107m▊           [0m
 [38;2;0;0;0m     [38;2;82;75;59m▁[7m[38;2;104;95;75m▘[0m[38;2;162;147;116;48;2;161;147;116m╴╺[38;2;162;148;117;48;2;162;147;116m╲[0m[7m[38;2;140;128;101m▝[0m [38;2;57;52;40m          [0m
 [38;2;0;0;0m   [38;2;111;101;80m▃[38;2;147;134;105m▆[38;2;163;148;117;48;2;157;143;112m╵[38;2;54;49;38;48;2;154;141;111m▂[38;2;82;75;58;48;2;159;145;114m▃[48;2;162;147;116m [38;2;163;149;119;48;2;162;148;117m▗[38;2;163;148;117;48;2;162;147;116m╸[38;2;159;145;114;48;2;104;95;74m▇[0m[38;2;138;126;99m▄[0m [38;2;0;0;0m [0m [38;2;140;127;99m▁[38;2;144;132;104m▁[38;2;23;23;23m▂[0m [38;2;0;0;0m  [0m
 [38;2;0;0;0m  [7m[38;2;145;132;104m▊[0m[38;2;162;146;115;48;2;153;110;69m▎[38;2;150;97;52;48;2;148;103;63m┊[38;2;75;68;52;48;2;151;131;100m▝[38;2;161;146;115;48;2;65;59;46m▃[38;2;34;31;23;48;2;151;137;108m▘[38;2;163;148;117;48;2;162;147;116m╴[38;2;163;149;119m▗[38;2;163;149;118;48;2;158;144;114m╴[38;2;57;52;41;48;2;145;132;104m▂[38;2;87;79;62;48;2;162;147;116m▄[38;2;159;145;114;48;2;85;77;60m▇[38;2;163;149;117;48;2;93;86;68m▇[38;2;163;148;118;48;2;162;147;116m╴[38;2;166;152;120;48;2;162;148;116m▁[38;2;86;80;66;48;2;161;147;115m▗[38;2;72;67;57;48;2;40;40;38m▏[38;2;37;37;37;48;2;19;19;20m▇[0m[38;2;32;33;33m▖ [0m
 [38;2;0;0;0m  [0m [7m[38;2;166;150;118m▖[0m[38;2;185;173;140;48;2;69;66;55m▊[38;2;34;32;26;48;2;151;141;114m▍[48;2;184;173;140m▂[38;2;135;130;108;48;2;185;175;142m▁[38;2;212;204;169;48;2;166;152;120m▅[38;2;209;201;166;48;2;165;150;119m▅[38;2;190;180;146;48;2;80;75;61m▌[38;2;145;140;116;48;2;60;55;43m▂[38;2;178;169;138;48;2;61;55;43m▂[38;2;162;148;116;48;2;162;148;117m┊[0m[7m[38;2;157;143;113m▂[38;2;163;149;118m▄[38;2;165;153;121m▆[38;2;65;60;47m▇[0m [7m[38;2;43;43;40m▆[38;2;38;38;37m▃[38;2;28;28;27m▝[0m
 [38;2;0;0;0m   [0m [7m[38;2;179;173;143m▖[0m[38;2;201;191;157;48;2;215;208;173m▁[38;2;217;210;175;48;2;213;206;171m╵[38;2;208;200;166;48;2;86;83;69m▄[38;2;46;44;36;48;2;172;166;138m┑[38;2;39;36;29;48;2;214;206;171m▂[38;2;115;75;23;48;2;200;161;101m▖[38;2;196;130;48;48;2;211;197;160m▆[38;2;210;192;154;48;2;213;203;167m╴[0m[7m[38;2;196;187;154m▗[0m  [38;2;66;53;43m▃[38;2;91;73;60m▄[38;2;77;62;51m▅[0m [38;2;0;0;0m [0m [0m
 [38;2;0;0;0m   [0m [7m[38;2;154;141;111m▘[0m[38;2;162;147;116;48;2;164;150;118m╴[38;2;164;150;119;48;2;209;200;166m▆[38;2;163;148;117;48;2;208;199;165m▄[38;2;159;145;114;48;2;209;200;166m▃[38;2;72;66;52;48;2;199;174;126m▂[0m[7m[38;2;204;166;109m▂[38;2;198;183;148m▂[38;2;180;175;146m▄[0m[38;2;43;35;28m▁[38;2;78;63;52m▅[38;2;90;72;59;48;2;50;40;32m▇[38;2;93;75;62;48;2;92;74;61m╵[38;2;93;75;61;48;2;95;77;63m▉[38;2;94;76;62;48;2;89;72;59m╵[0m[38;2;27;20;13m▏  [0m
 [38;2;0;0;0m  [0m [7m[38;2;154;141;112m▘[0m[38;2;207;198;164;48;2;164;149;118m▃[38;2;212;205;170;48;2;167;153;121m▄[38;2;211;203;168;48;2;166;152;120m▅[48;2;166;151;119m▅[38;2;213;206;171;48;2;166;151;120m▄[0m[7m[38;2;180;169;136m▝[0m[38;2;104;97;77m▖ [0m [38;2;53;42;35;48;2;88;71;58m▏[38;2;64;52;43;48;2;92;74;61m▁[0m[7m[38;2;94;76;63m▂[38;2;98;81;68m▃[38;2;104;88;75m▅[38;2;68;59;51m▇[0m[38;2;3;2;2m   [0m
 [38;2;0;0;0m  [7m[38;2;165;158;131m▌[0m[38;2;215;207;173;48;2;200;191;156m▇[38;2;214;207;172;48;2;214;206;171m╵[38;2;208;201;166;48;2;83;81;71m▊[38;2;106;101;84;48;2;215;207;172m▏[38;2;209;202;167;48;2;98;96;82m▉[38;2;114;110;93;48;2;216;209;173m▍[38;2;215;207;172;48;2;214;206;171m╷[48;2;203;195;162m╴[0m[38;2;166;160;133m▖[38;2;122;105;91m▗[38;2;126;108;93;48;2;102;85;71m╴[0m[7m[38;2;86;70;58m▃[0m [38;2;0;0;0m      [0m
 [38;2;142;136;113m▂[38;2;164;158;131m▂[38;2;118;113;94;48;2;210;203;168m▏[48;2;214;206;171m [38;2;215;207;172m┆[38;2;214;207;172m╸[38;2;214;206;172m▁[38;2;215;207;172m┕[38;2;215;207;173;48;2;214;207;172m┰[38;2;216;208;174;48;2;215;207;172m┏[38;2;218;210;177m╴[38;2;80;77;64;48;2;210;202;168m▝[0m[7m[38;2;107;96;80m▘[38;2;121;105;91m▅[0m [38;2;0;0;0m       [0m
[38;2;39;39;36m╼[7m[38;2;48;47;42m▃[38;2;101;98;84m▃[38;2;171;166;139m▃[38;2;203;196;162m▂[38;2;195;188;157m▃[38;2;194;187;156m▃[38;2;210;202;168m▂[38;2;204;197;165m▂[0m[38;2;21;21;19;48;2;176;170;142m▂[0m[7m[38;2;209;201;168m▂[38;2;207;200;167m▁[0m[38;2;57;56;48;48;2;196;189;158m▗[0m[7m[38;2;152;146;124m▂[38;2;196;188;157m▄[0m[38;2;138;134;112m▘       [0m
