[0m [38;2;0;0;0m   [0m [7m[38;2;25;21;21m▘[0m[38;2;20;15;16m▍                     [0m
 [38;2;0;0;0m   [38;2;124;108;64;48;2;23;20;16m▁[38;2;224;198;113;48;2;36;30;18m▄[0m[38;2;185;163;95m▍            [0m  [38;2;0;0;0m    [38;2;122;117;99m▂[38;2;165;158;134m▄ [0m
 [38;2;0;0;0m  [7m[38;2;109;102;78m▉[0m[38;2;238;212;127;48;2;165;146;85m▇[38;2;242;214;123;48;2;241;212;121m▄[0m[38;2;198;175;99m▍      [38;2;147;131;74m▁[38;2;212;187;107m▃[38;2;237;208;124m▄[38;2;220;197;126m▆[38;2;42;34;25m▇[38;2;15;7;9;48;2;10;3;5m▄[38;2;12;8;9;48;2;26;20;21m▁[0m[7m[38;2;39;35;35m▄[0m [38;2;0;0;0m [38;2;164;144;84m▗[38;2;233;214;157m▅[38;2;248;235;194;48;2;245;230;183m╵[38;2;248;236;194;48;2;243;226;171m╵[0m[38;2;149;137;94m▎[0m
 [38;2;0;0;0m  [7m[38;2;154;141;99m▊[0m[38;2;240;217;143;48;2;242;213;125m▁[38;2;181;162;106;48;2;240;215;139m╶[0m[38;2;244;229;175m▄[38;2;234;218;163m▅[38;2;229;204;123m▅[38;2;238;210;120m▄[38;2;223;196;112m▃[38;2;207;180;103m▄[38;2;237;208;119m▆[38;2;241;212;122;48;2;239;210;120m╵[38;2;239;209;120;48;2;242;213;122m▄[38;2;240;210;120;48;2;237;207;118m╴[38;2;16;12;7;48;2;134;116;67m▂[0m[7m[38;2;12;5;6m▃[38;2;14;9;10m▅[0m [38;2;0;0;0m [38;2;160;141;80m▗[38;2;230;203;116m▅[38;2;242;213;122;48;2;240;211;121m╵[38;2;244;222;158;48;2;241;213;129m▝[38;2;242;215;127;48;2;244;223;158m▆[38;2;243;214;123;48;2;242;213;124m╴[0m[38;2;212;186;106m▋[0m
 [38;2;0;0;0m [0m [38;2;192;180;139m▅[38;2;246;230;176;48;2;243;225;165m╴[38;2;243;216;131;48;2;244;226;169m▂[38;2;242;214;128;48;2;244;224;166m▄[38;2;234;209;130;48;2;110;96;58m▊[38;2;43;34;31;48;2;177;169;145m▄[38;2;110;94;58;48;2;230;202;115m▍[38;2;241;212;121;48;2;242;213;122m▘[38;2;238;209;119;48;2;227;196;112m▌[38;2;133;114;64;48;2;220;188;108m╶[0m[7m[38;2;200;171;99m▄[38;2;214;184;106m▆[38;2;137;118;67m▇[0m[38;2;1;1;0m   [38;2;100;85;49m▗[7m[38;2;189;163;93m▘[0m[38;2;235;205;117;48;2;229;198;114m╵[38;2;228;196;113;48;2;236;206;118m▄[38;2;229;198;114m▃[38;2;232;201;116;48;2;237;206;118m▄[38;2;234;204;117;48;2;238;208;119m▃[38;2;239;209;119;48;2;240;211;121m▍[38;2;225;199;114;48;2;49;44;24m▊[0m
  [38;2;195;163;97;48;2;86;73;43m▄[38;2;47;38;33;48;2;217;190;110m▘[38;2;181;152;96;48;2;233;205;119m▗[38;2;128;89;89;48;2;239;210;121m▃[38;2;134;97;88;48;2;238;210;120m▄[38;2;244;215;123;48;2;238;209;120m╴[38;2;242;214;123;48;2;202;183;104m▇[38;2;222;166;107;48;2;219;151;103m╵[38;2;208;102;82;48;2;217;130;97m▗[38;2;183;100;73;48;2;219;184;107m▖[38;2;223;191;110;48;2;226;194;111m▄[0m[7m[38;2;179;154;88m▝[0m [38;2;0;0;0m   [38;2;222;191;110m▗[38;2;226;195;112;48;2;215;184;106m┊[48;2;226;194;112m ┈ [38;2;226;194;112;48;2;226;195;112m▇[38;2;104;89;51;48;2;221;190;109m▁[0m[7m[38;2;203;176;101m▃[38;2;190;166;95m▆[0m [0m
 [38;2;0;0;0m [7m[38;2;185;102;79m▖[0m[38;2;207;167;100;48;2;227;192;112m╴[38;2;243;214;123;48;2;236;207;119m╴[38;2;221;192;112;48;2;134;96;89m▖[38;2;190;133;152;48;2;134;87;97m▃[38;2;143;114;85;48;2;234;204;117m▎[38;2;224;192;111;48;2;239;209;120m▆[38;2;163;94;67;48;2;207;148;94m╶[38;2;213;183;105;48;2;204;99;79m▃[38;2;192;128;84;48;2;225;193;111m▘[38;2;224;192;111;48;2;222;190;110m▂ [0m[38;2;213;182;105m▖   [38;2;148;127;72m▝[38;2;137;116;67;48;2;211;181;104m▁[38;2;203;172;100;48;2;219;187;108m╻[38;2;125;107;61;48;2;220;188;108m▁[0m[7m[38;2;209;179;103m▃[38;2;164;141;81m▅[0m [38;2;0;0;0m   [0m
 [38;2;0;0;0m [38;2;74;69;47m▁[7m[38;2;150;127;75m╾[0m[38;2;198;171;98;48;2;215;185;106m┊[38;2;222;190;110;48;2;224;192;111m╴[38;2;222;191;110;48;2;155;118;114m▇[48;2;225;193;111m [38;2;223;191;110m▂[38;2;225;193;111;48;2;226;194;112m▍[38;2;226;195;112m┊[38;2;165;157;114;48;2;205;179;106m╶[38;2;223;201;137;48;2;203;180;113m╵[38;2;189;169;102;48;2;225;197;115m▏[38;2;242;213;122;48;2;229;199;114m╴[0m[38;2;176;153;90m▖   [7m[38;2;136;115;69m▌[0m[38;2;183;154;95;48;2;196;166;98m▃[0m[38;2;122;103;62m▍      [0m
[7m[38;2;144;127;78m▘[0m[38;2;209;185;112m▇[38;2;244;219;139;48;2;239;212;127m╵[38;2;242;213;123;48;2;243;216;130m▇[38;2;243;214;123;48;2;242;214;123m╴[38;2;242;213;122;48;2;232;202;116m▇[38;2;241;212;122;48;2;227;196;112m▅[38;2;241;213;122;48;2;227;195;112m▃[38;2;241;212;122;48;2;226;194;112m▂[38;2;242;213;122m▁[38;2;226;194;112;48;2;224;193;111m┊[38;2;206;180;103;48;2;216;189;110m╴[38;2;218;189;108;48;2;208;178;103m╴[38;2;231;201;115;48;2;221;190;109m╵[38;2;225;193;111;48;2;241;212;121m▖[38;2;238;210;121;48;2;181;157;97m▇[0m[7m[38;2;160;142;81m▝[0m[38;2;114;95;60m╶[38;2;160;135;85m▆[38;2;118;99;62;48;2;173;146;91m▁[0m[7m[38;2;153;129;81m▃[38;2;96;81;50m▆[0m[38;2;4;3;2m      [0m
[7m[38;2;142;127;75m▆[38;2;211;186;107m▅[38;2;242;213;122m▅[38;2;234;206;118m▄[38;2;243;215;123m▄[38;2;216;190;109m▖[0m[38;2;243;214;123;48;2;242;214;123m╴┊ ╴[38;2;242;214;123;48;2;242;214;122m┈[38;2;243;214;123;48;2;240;212;121m┊[38;2;240;210;120;48;2;232;202;116m▆[48;2;227;195;112m▄[38;2;230;199;115;48;2;240;211;121m▘[38;2;240;210;120;48;2;242;213;122m▅[38;2;241;212;121m▁[0m[7m[38;2;189;165;96m▝[0m[38;2;95;76;44m▁[7m[38;2;134;107;66m╴[0m[38;2;105;79;48m▅[0m [38;2;0;0;0m      [0m
 [38;2;0;0;0m    [7m[38;2;100;88;51m▉[0m[38;2;242;218;130;48;2;236;210;124m╴[38;2;242;214;122;48;2;242;214;123m╴[38;2;241;211;120;48;2;242;213;122m╺[38;2;240;210;120m▄▂▅▂[38;2;242;213;122;48;2;240;210;120m▄[38;2;240;210;121;48;2;242;212;122m╸[38;2;242;213;122;48;2;240;211;120m▄[38;2;240;210;120;48;2;242;212;121m▆[38;2;237;207;119;48;2;205;175;102m▊[38;2;112;89;52;48;2;163;135;80m╵[0m[7m[38;2;96;71;43m╼[38;2;99;73;44m▇[0m [38;2;0;0;0m      [0m
 [38;2;0;0;0m     [38;2;56;51;33;48;2;236;212;137m▎[38;2;243;215;128;48;2;242;213;122m▏[38;2;241;211;121;48;2;242;214;123m▂[38;2;242;214;123;48;2;242;213;122m╴[38;2;229;199;115;48;2;241;211;121m▁[38;2;211;180;105;48;2;240;210;120m▁[38;2;222;191;110;48;2;239;209;120m▁[38;2;234;203;117;48;2;240;210;120m▁[48;2;242;212;122m▁[38;2;217;186;108;48;2;241;212;122m▁[38;2;207;177;103;48;2;240;211;121m▃[38;2;224;193;111;48;2;199;169;98m▘[38;2;199;169;99;48;2;55;45;27m▊[0m[7m[38;2;120;91;54m▇[0m [38;2;0;0;0m       [0m
 [38;2;0;0;0m     [38;2;170;147;86m▝[7m[38;2;204;176;102m▂[0m[38;2;125;106;61;48;2;217;186;108m▁[38;2;150;127;75;48;2;207;177;103m▁[0m[7m[38;2;190;161;94m▂[38;2;193;164;96m▄[38;2;184;156;91m▄[38;2;180;153;89m▃[38;2;193;164;96m▂[38;2;194;165;97m▁[0m[38;2;92;77;45;48;2;196;167;98m▁[38;2;180;153;91;48;2;191;162;95m╷[0m[38;2;166;141;83m▍         [0m
 [38;2;0;0;0m       [0m [7m[38;2;155;132;79m▂[0m[38;2;110;93;55m▎     [0m [7m[38;2;164;139;83m▂[0m[38;2;140;119;70m▌         [0m
